16 1
0 -10 0 -2 1 0 0 0 0 0 0 0 0 0 0 0
-10 0 2 -5 7 0 0 0 0 0 0 0 0 0 0 0
0 2 0 3 -7 0 0 0 0 0 0 0 0 0 0 0
-2 -5 3 0 0 0 0 0 0 0 0 0 0 0 0 0
1 7 -7 0 0 50 0 0 0 0 0 0 0 0 0 0
0 0 0 0 50 0 100 0 0 0 0 0 0 0 0 0
0 0 0 0 0 100 0 0 0 0 0 0 0 0 0 0
0 0 0 0 0 0 0 0 -3 0 -1 0 1 0 0 0
0 0 0 0 0 0 0 -3 0 1 0 0 0 0 0 0
0 0 0 0 0 0 0 0 1 0 4 0 0 0 0 0
0 0 0 0 0 0 0 -1 0 4 0 2 0 0 0 0
0 0 0 0 0 0 0 0 0 0 2 0 -2 0 0 0
0 0 0 0 0 0 0 1 0 0 0 -2 0 0 0 0
0 0 0 0 0 0 0 0 0 0 0 0 0 0 1 2
0 0 0 0 0 0 0 0 0 0 0 0 0 1 0 1
0 0 0 0 0 0 0 0 0 0 0 0 0 2 1 0